AC10 1 -0.00385609 1 0
AC11 1 0.0101138 1 1
AC12 1 -0.0146168 1 1
AC13 1 -0.0218236 0 0
AC14 1 -0.0134745 0 1
AC15 1 -0.017089 0 0
AC17 1 0.0152448 0 1
AC18 1 0.0134359 1 1
AC19 1 0.00540102 1 0
AC1 1 -0.0125389 1 1
AC20 1 0.00463956 0 0
AC21 1 -0.00416079 1 1
AC22 1 -0.000325898 1 0
AC23 1 0.0132781 0 0
AC24 1 0.0130666 1 1
AC25 1 0.00718399 1 0
AC26 1 -0.0051912 1 0
AC27 1 -0.0227934 1 1
AC29 1 0.0364974 1 0
AC2 1 -0.0180301 1 1
AC30 1 -0.0226556 1 1
AC31 1 -0.00585266 1 1
AC32 1 0.0258924 0 1
AC33 1 -0.00994298 0 0
AC34 1 -0.00380612 0 1
AC35 1 0.0187883 0 0
AC36 1 0.0103367 1 1
AC37 1 0.00747272 1 1
AC38 1 0.0191431 1 0
AC39 1 -0.00501846 1 1
AC3 1 -0.00118336 1 1
AC40 1 0.0361201 1 0
AC41 1 0.00830498 1 0
AC42 1 0.00380194 1 0
AC43 1 0.00667686 1 0
AC45 1 -0.000441697 1 0
AC46 1 -0.00170991 1 0
AC47 1 -0.0281008 1 1
AC48 1 -0.00424591 0 0
AC49 1 0.0213412 1 0
AC50 1 0.00261405 0 1
AC51 1 0.016154 1 1
AC52 1 0.0098956 1 0
AC53 1 0.0141544 0 0
AC54 1 0.0367203 1 1
AC55 1 0.0144693 1 1
AC56 1 0.0256731 0 0
AC57 1 -0.00218851 1 0
AC58 1 0.0204603 0 1
AC5 1 -0.000603019 1 1
AC60 1 -0.00504176 1 1
AC61 1 -0.00917368 0 0
AC62 1 0.00237875 0 1
AC63 1 0.0175946 0 1
AC64 1 0.0188388 1 0
AC65 1 0.0368965 1 1
AC66 1 -0.00408476 1 1
AC67 1 0.00871812 1 1
AC69 1 -0.00851917 0 1
AC6 1 0.0252035 0 1
AC70 1 -0.00915532 1 1
AC71 1 0.0223745 0 1
AC72 1 0.016866 0 0
AC73 1 0.026825 1 0
AC74 1 0.0366276 0 1
AC75 1 0.0540474 0 0
AC76 1 0.0386237 0 1
AC77 1 0.0029996 0 1
AC78 1 0.0207176 0 1
AC79 1 0.0177353 1 0
AC7 1 -0.0066377 1 0
AC80 1 0.0343811 1 0
AC81 1 0.0282509 0 0
AC82 1 0.00526683 1 0
AC83 1 0.0459516 1 0
AC84 1 0.00976286 1 1
AC86 1 0.0259005 1 1
AC87 1 -0.00104822 1 1
AC88 1 -0.012696 1 0
AC89 1 0.0134071 0 1
AC8 1 0.0231658 1 0
AC90 1 0.00359455 1 1
AC91 1 0.0194968 1 1
AC92 1 -0.000936478 1 0
AC9 1 -0.0029218 0 0
AC100 1 -0.0058512 0 0
AC101 1 -0.000837274 1 0
AC102 1 -0.0129465 1 1
AC103 1 -0.0102079 1 1
AC104 1 -0.00559039 1 0
AC105 1 0.0118966 0 0
AC16 1 0.00147658 1 0
AC68 1 0.0120396 0 1
AC93 1 -0.0104779 0 1
AC94 1 -0.0315149 1 0
AC95 1 -0.0115454 1 0
AC96 1 -0.0122457 1 0
AC97 1 -6.72242e-05 1 1
AC99 1 0.00370599 0 0
DE10 1 -0.0164126 1 0
DE12 1 -0.0107853 1 1
DE13 1 -0.0271741 0 0
DE14 1 -0.0212005 1 1
DE15 1 -0.0445118 0 1
DE16 1 -0.0387773 0 0
DE17 1 -0.025109 0 1
DE18 1 -0.0321735 0 1
DE19 1 -0.0398603 1 1
DE1 1 -0.0266408 1 1
DE20 1 -0.0260984 0 0
DE21 1 -0.0296337 1 0
DE22 1 -0.0185381 1 1
DE23 1 -0.0403944 1 0
DE25 1 0.0197937 1 1
DE26 1 -0.0176322 1 0
DE27 1 -0.013238 0 1
DE2 1 -0.0071666 1 1
DE33 1 -7.27277e-05 1 1
DE34 1 0.00397489 0 1
DE35 1 0.0335056 1 1
DE36 1 -0.00604706 1 0
DE37 1 -0.00926438 0 0
DE38 1 0.00706601 1 1
DE39 1 -0.0156982 1 0
DE3 1 -0.0275085 1 1
DE40 1 -0.00864179 0 1
DE41 1 -0.0247967 1 0
DE42 1 -0.030564 1 0
DE44 1 -0.00767327 0 1
DE45 1 -0.0235161 0 0
DE46 1 0.00649758 1 1
DE47 1 -0.0329062 0 1
DE48 1 -0.0016138 1 1
DE49 1 -0.00701695 1 0
DE4 1 0.00819454 1 1
DE50 1 0.0100377 0 0
DE51 1 0.0250199 1 0
DE52 1 -0.0493141 1 0
DE53 1 -0.0216641 1 0
DE54 1 -0.0244709 1 1
DE55 1 -0.00466616 0 1
DE56 1 0.016751 1 0
DE57 1 -0.0191688 1 0
DE58 1 -0.00492488 0 1
DE59 1 -0.0162364 0 1
DE60 1 -0.0167085 0 0
DE7 1 -0.0113427 1 0
DE9 1 0.000422333 1 1
DE29 1 0.030274 1 1
DE30 1 0.0317995 0 1
DE32 1 0.00237194 1 0
DE43 1 -0.00693838 1 1
DE5 1 -0.0100835 0 0
